0,0,0,0,0,0
1,1,0.020513,0.082051,0.14872,0.041026
2,3.75,0.081026,0.25846,0.52795,0.14564
3,7.9,0.18236,0.44062,1.0024,0.28513
4,13.17,0.32693,0.59569,1.4239,0.43717
5,19.336,0.5188,0.71621,1.6761,0.58558
6,26.219,0.76375,0.805,1.7046,0.71966
7,33.675,1.0694,0.86817,1.5255,0.83326
8,41.59,1.4457,0.912,1.2138,0.92384
9,49.872,1.9047,0.94186,0.87434,0.99153
10,58.448,2.4616,0.96191,0.60867,1.0382
11,67.258,3.1346,0.97522,0.48572,1.0669
12,76.256,3.9461,0.98398,0.52543,1.0811
13,85.405,4.923,0.9897,0.6984,1.0842
14,94.674,6.0977,0.9934,0.93981,1.0796
15,104.04,7.5094,0.99579,1.1721,1.0701
16,113.48,9.205,0.99733,1.329,1.0581
17,122.99,11.241,0.99831,1.3731,1.0452
18,132.54,13.685,0.99893,1.3043,1.0329
19,142.13,16.619,0.99933,1.1547,1.0218
20,151.75,20.14,0.99958,0.97676,1.0126
21,161.4,24.366,0.99973,0.82511,1.0053
22,171.07,29.437,0.99983,0.74086,0.9999
23,180.76,35.524,0.9999,0.74103,0.99625
24,190.46,42.827,0.99993,0.81628,0.99406
25,200.17,51.592,0.99996,0.93653,0.99305
26,209.88,62.11,0.99997,1.062,0.99292
27,219.61,74.731,0.99998,1.1556,0.9934
28,229.33,89.877,0.99999,1.1939,0.99425
29,239.07,108.05,0.99999,1.1717,0.99529
30,248.8,129.86,1,1.1021,0.99638
31,258.54,156.03,1,1.0106,0.9974
32,268.28,187.44,1,0.92611,0.99831
33,278.03,225.13,1,0.87232,0.99906
34,287.77,270.35,1,0.86147,0.99965
35,297.52,324.62,1,0.89199,1.0001
36,307.26,389.75,1,0.95048,1.0004
37,317.01,467.9,1,1.0169,1.0005
38,326.76,561.68,1,1.0711,1.0006
39,336.51,674.22,1,1.0987,1.0006
40,346.26,809.26,1,1.0947,1.0005
