0,0,0,0,0,0
1,0.026316,0.12658,0.53671,0.025316,0.068421
2,0.075,0.37658,1.5967,0.090506,0.23947
3,0.12125,0.59494,2.0878,0.18089,0.46321
4,0.16519,0.75079,1.4553,0.28964,0.69632
5,0.20693,0.85206,0.30222,0.41394,0.90597
6,0.24658,0.91436,-0.18038,0.553,1.0712
7,0.28425,0.95134,0.55926,0.70713,1.1826
8,0.32004,0.97276,1.8105,0.87726,1.2402
9,0.35404,0.98492,2.2776,1.0647,1.251
10,0.38634,0.99173,1.4186,1.271,1.2262
11,0.41702,0.9955,0.064244,1.498,1.1788
12,0.44617,0.99757,-0.37942,1.7478,1.1209
13,0.47386,0.99869,0.61248,2.0226,1.0629
14,0.50017,0.9993,2.0747,2.3248,1.0124
15,0.52516,0.99963,2.4854,2.6573,0.97392
16,0.5489,0.9998,1.3463,3.023,0.94922
17,0.57146,0.9999,-0.22827,3.4253,0.93779
18,0.59288,0.99994,-0.59534,3.8679,0.93754
19,0.61324,0.99997,0.70663,4.3546,0.94547
20,0.63258,0.99998,2.3977,4.8901,0.95835
21,0.65095,0.99999,2.7087,5.4791,0.97317
22,0.6684,1,1.2271,6.127,0.98747
23,0.68498,1,-0.58407,6.8397,0.99954
24,0.70073,1,-0.82481,7.6237,1.0084
25,0.71569,1,0.8543,8.4861,1.0138
26,0.72991,1,2.7886,9.4347,1.0159
27,0.74341,1,2.943,10.478,1.0154
28,0.75624,1,1.0471,11.626,1.013
29,0.76843,1,-1.0125,12.889,1.0096
30,0.78001,1,-1.0625,14.277,1.0059
31,0.79101,1,1.0708,15.805,1.0024
32,0.80146,1,3.257,17.486,0.99949
33,0.81139,1,3.182,19.334,0.99747
34,0.82082,1,0.78953,21.368,0.99632
35,0.82978,1,-1.5233,23.604,0.99596
36,0.83829,1,-1.3002,26.065,0.99622
37,0.84637,1,1.3745,28.771,0.99691
38,0.85405,1,3.8128,31.749,0.99781
39,0.86135,1,3.4158,35.023,0.99875
40,0.86828,1,0.43427,38.626,0.9996
